$ANSIBLE_VAULT;1.1;AES256
36636133383362646265363765643134376139326437373333376563643561646266646336356231
6139313265393663396464656439653061633763323065610a346238343130313163383264383834
35313533316138306530323430393135356639393636613236633463666665623762396263306332
6661313439336565620a353466356232336664326435316161326535663630303532356635353761
65386161363335303464663631626264363639333431303236343365383836326537336337346334
66366137646435616136636564343635313233323137373938313165383936653236386631383332
39663033626666653231313830353032326566636466303163613637633062323932643165386134
32636235363535303466376133393039363462663637316137316139636163383331643732313035
37316436653938386161383832613862616532613533653831353439653137633631373535313333
31643365643539316334633162343463646639653333353563383237326665386161383338303236
64346262666337653431633030616664653933643863313131316666613864373333623739303337
62623761386337393336633063343266396239366431343965363532656138333664663665643830
36313463633263393065663732653366666563653136376636656232396162616435386433313764
62653538303439376562626635663537623761666236303631363637316431346232613136393364
65663566333261626133346132613363306131386263306330633733656566626132643339656332
61666237623139656639373739303039306464613337393731646364646561663731636464666465
34326538306338633331653365646135303265626233303164633966353233386132306139333236
64303534386232623133343163633466326531336466396337666363383861613166363933633466
37323035333864313934393437333635323531303630303536633961666464356463383265386263
33666361373238376330633434653837313934333466663535316438383138626261353538623932
30343234623166373139666161666635643664643931333438613464326339633739636134376366
33653335633239316432613063616236653930373165666366653838663431633766386339623632
32623630313730383765346331356635643733626436653834653861323131376164343436333064
32666135616632343030376335383138633066646136636365633636303362383463613062303738
62373434613461396330613465633863636265386565306437393830666661303236393966373434
63336463613061363463653138653563303733623035663764356439613939333437343864623761
63653262363231363337626334666639366135333137333664383939343436613233303136663538
35613662343335316566366638313962653537663432326264333338623634363739653731366339
35313630353565356566333866393934376538363436663161323263393539333466346238633661
39366163323033343933393337666130393432323835323661353461363461336137346134656263
39343934326533633733313833396435653039646435343239653536323832656632346636333366
31303031646465343561613833626639373936643935336439623233383363353566333335363363
61383639353930303866303237316431666638623538323032316563653361656536366466663464
36636635323161646237356162323231323631666334653939386236613234396136663566343935
66353634363332356233356136633231373866396536656436396631303136633538623838623438
30393864643232623038356435373265346463303130363662323131353839366163383937393937
34643632616165613164303238613230353332363438343137326566633138383334306130396533
31336133613662616635383437373936613130646531633234343030633335623464666535313030
34383462646534323033306634643566356239306339666166363963316364343535396636636235
39623361346161623932623331373134643664316534666363336462663336383633356665333464
35343032383939663837623736363164396135363462373038353434643135346530323638366635
35653163373261316531386430316230343061373962333563663561633863653532333733636633
31663263343739353830633663313037616335626232653462383562346438633934306238336564
63313566336464323939613266303235353766333265633231646564366237663737653535653132
65386166363365313835393630336130346236643163363963633463336138623032653237343065
66643635343365376264613863313861363533376132626430353931376230393638363231313735
64303034613237393538303437346261613362643463333035656463376339386437373031643539
36356266386131616439386133313537626438333464353932316635376135343261383238636338
62613262636661653733386430356266353636313537323735663464643339623862303439373661
63626134643830643336386432353936303239643730663035613463373532643435633739613431
32333733653666333633313331376530656239663631636564376233346439373230613331373539
34313762353939346466356235343063646262346538323030643039346631626131383534396262
35353133633061313931633838373863356339366536346463363031646431613334386465333035
30393364306163333237663034656331623236326263636539663961373261633662346666353264
65326633653637343030353833313133623238333163373735356565326231353037623939356664
33333538356634333433323263616664376165633934313965323533656338356665373665333262
36666436653862633432393161633936323538666639363965346330393030613735633030656266
38336337303262633636636632336462623531393432643539383531346562623237326266313862
35636638333637643562306332323036336530313865353566653232386138333139393861643232
35376261613439323664616230336233653562326465663739653036646462383664616562613338
38333530613662643438613638383665393030643234373238313739313961383038306432613762
35643131656639393437313666383463313836383436386534323861656663393462623139383765
38323538303736613363383966376166366130343532663563653135346537373732333039663231
35396234333664376563633962646433363138373966373138313135363161366262663830336331
63383361613232303231336361396637613533303261386462363635666130373739363234383864
36383433626464326236643039353135323963663932616139323832393930363562373430356163
37326437663864356637336535303732376138636465663230626431646534656362353935663066
38663866663366663936363135633434653764656137643835343636623263323564323130643966
66616331346363343333333831303038356266303030326666313533633236386232363438633838
64626633303631306534653730313539653337623964326439373932346230313838383165613530
66613932376364363232396664376430626566613638613737343639313832663835613565653261
33396530316639376363613966363835353463363132303861636535336661316430373034653465
34343264383563343830306566613962333265346161646162396334343438613261656461326234
66663331363433633763643564633136633964666565316538666232376239383466356633393361
35333334633263646636626533626137303465393436656466343363353937613735346532666532
30323265353465343435613032323536373336626563353238386531663636633033353139656136
37306564636265316536373130316437376532363166383166313866313332373430623839303461
31393133373463356463666564373933323964353666313839613433303531306232373363623139
65343439356537616439666138616364623465303261393434323761356634346235653934396463
63623765326562356562656565343032363036633961663834666461333233346262663237346633
39323935333666343966326235626439353737323836333137313266343931613533623663363836
64643666356561663739616535303036396436306164623239653733323466373861333266616337
30343362613834323731643663333466653733333236386161343731373035336463366635393735
65383364366136353439653961646263333134383261663835653430636161653934363338643965
63323361386365353236666634643066346337343562383663343266666562333763363233343538
38303330376663356331626138303331316261636563343964343763613465323162303937316331
36373965663737336337626439323265323731616464613737396532396138353834623638343335
61363732633237333166313031353931363462626230376463633032643430623237626434383432
61346133353761663663626431643636353339346163343837343465633133616539363236636633
32366536653537303039336535376138663637306564333765623734363763376336353530663863
36646261313366663835653530636434376262626532386561623735353564653436346264383061
39303630303233383562363262653431323064376537653866613634383132343163643533366630
33613638386339643433363233393961653962316537656336663937316466356333663334306233
32663835653366376436393135313264616564663638656363353732323436383265636337323138
36613464663737383032366264383635366263303263356666333832636630373961373239616132
61653031343332393565623138316434336461653331373334336364373466346230626134363937
31303161303961323037343763333334396463383963346563623733333338336566323039653961
33646436306436363063306131643131386662306538326137383230363831343532333239303139
37626361323435373162373631653238383532333364333065376338326463356263316635303662
36666136376633663136346536373936663439636630613637343639313066613034386161353339
39653061373633336166336136323430343830613232303264356265633963326666643330326535
33393536333231356133643237313238663838386364363638656138613866316430636662333338
37383563396130383133363937323935663937393439663531356339363863356138303064316437
32396232613433353433666661376138643962303137666136623534653434306265303235393335
34393962346565393531626265333638303539626631663961376338316439306438653236323066
62316261313734313930623239326437306638313239633265366434373334356435613662306363
34613234393564616165653531653163623837646433343561373936306432396632353233383636
38376535666362343234303438613666623861633965323539663832636462396662383131383037
63363038626665643863313235303464643831313139353337616234653137623132316335633034
63306263396361663361343162346338383131313636323936366135363562636131363734313737
35316336643566623238363439326333316539383665383038616234326461633664623232656436
32646161353835633666353932376463653863616564393766326263653831373635616332326334
32323330333133653961303362323363633731633730626539303639306634366431333566346131
65323965653033653233343534393133623531386332393539646665633030656632346532653634
62336630653634393965313765636437326261356235343233393532623134326666326264303664
33303166373839636333393565323966623264616330363764656631616334393634363661333638
66303562663230666332313637663335653634353831366365383133653336353431366137396637
37333239656563656261316466643363393532346365653564616132653235666336313939383364
30643634346230653663643934303531636161363431626536653336366335373765626431343134
33363330633532396530306638366233613235353132666438306430666436306263353435303664
31636531326533343533646532646662616537656637363737333039303532303565663563353938
64363965396330303632346333396465356431366131303837326139663261646339633933323730
61313330623066346164663735623333306135336262343964366266643539363739303563636364
37393434303535336464356630336566323735653938366139303932623033393831313234623036
36336632316534633735316533346136613364343661383664303434366665383833666162333830
34356533623734303965343366633232333334306266303636373733373936636666356164646561
32393139373361313063333065333661373065383863323365343265366163343361346531316363
63613766656439666431623134396636303139643433393639323939636333633031643736626630
65303162653964616533653261373530323339396138663062656661353364663161343030626137
63363036393161366339646639623932623763366436313735616230393839613264663031616466
63303166653337323739323336393963356265326539313631656234376238393265306331393733
30656638333230396436346636303732636133633765306637393731643432663634333236633064
30386166626664626636366439633466336430323834363065393439333462643238303561303162
39333833323331643465366332663965363366646464323934666362356464316663393539653464
64316634623963343531323734616536383230626531326630313263353139663161343564626336
62396432663036653635343161646438646266643061323738646261333634653133326339303464
35373938653537656132646237646339376665303863643532663165396463343132626134623166
66326531363364373866616463633931333364326136356462363136306634353034616261353566
62313164393162643236373365613934663035316161396338306335373331323565646634393431
37336630613330323564646339623365396537303161633632353862373161316162333163303139
35333438333666386633333866393037613730353131636336396130643830353062373339323937
37323030366661343162636133666261343964613639393730393736316630333530306266323130
34393030396337346336356664613332393565323362373763313832653265316562363161623737
39316637346661626539303965353730663164336635623964636565366531316634623733643235
30303038366435366261366366666564646136663531643930646638396638653739383339326635
31363939376630633537653137643637343666383035366133333966316339336663626361303966
62336464333262316531666162663435353431356663616430666132633265396363383039613763
31396537353563353535343031303265653934346362383835643735613833623935393037396535
36636264643238323036333461306436393537393262306536663131373564666530303031383165
33653634386130326134313030666230666563396532373866613361633937386337626231323434
39316264353561323061376238313839336565633761623666396639653737393638383164373139
38303130303938646635366536313665363866656635663464363836656463646564613265343535
38313063363831303736396231356461323562623235653131623234666532386462653233326232
30373631613434636532633133663063326436363339353032613966636536626339356236666334
62383435346438323734316365646262393233643736653562613335666236363332366661613639
39326135346139383331376262323533383034656132343063343038326334336663383862666162
38333464326366666361383066343835633134643932613734393962616165373065616465383163
66363433313135366434313637643936323332393930346335343265303834383263386136326465
31366536323033646361646536363635396465633837303037313564623565363066616230653738
65633136343061646464396461613236623164303962323663383962626336336431666265656536
65303135653839653230643637626466616332396161653863326135626636636362316265323263
63343732643263353537336130353563343635353232313562633330323266373636386135383033
33313238643437323333633130386339643137653333623961633730363130306665613566643864
61353363336561306430356536663566323139393930633062316131646238353961333863653534
33633562623633646131366439373839626337393737353731306166646635303437356261646365
37303863316132663763313532663032646138323632653538376166663464636235663737633638
38333164633235303437326439353762643836663637653737313032373263306266343261393064
64393131623737313361316131643065616332303537633131313564653639623634613365363333
65366538333264373233363866633935363730396338663530613336646132623734316466313330
65616164643331396233386430653038623232353862366466373139353135366161386364656539
38636130353162653036373865316366663230633336336265633135346636616166343834643430
37363033343830373162636633623962316362636239626364313936373433636364646266316661
36303730616664363836376533303633393837356531613439653130333561333662
