$ANSIBLE_VAULT;1.1;AES256
62353236326162313936313538333435383266656537333862326166333234636266353566363130
3837313234303333623332376266323363313835376331650a633163633239373866396262633866
30316337343234353739393866353039333236313265313463326533376237303535366136303461
6363613639646461390a393533343231373432346634663933393531663836636534396561356534
37343039636661376438326435353336626262376439336636353062613331343839653635633835
64326263313336363033343930623435316361363439353839663636353136313339306365373533
38346466363239663530666531316535396531343234653863313232373231343739646565396263
32323131396435313965386263636635303433663032333165326164643134626339393837376138
61316166653131333736336139663961343237643137396461633664623762313236306462623238
62323061656536393965653339393633393233333265623562383439303638353663636639343738
39303364333338653234326132353464383330613161393232613630383039356264353362626138
62363362646636313064303330323031316435303834306532376330303235316663613932343261
61393064303832396661363463386262383166323238373830613031333463366233616632363465
65613936343732393165343264376539326564353136303165306362333631653335396431336633
65616330373136386439333762303836376664626336323034306638386530633434626361613634
38623664393139356133313333383436393038346264666538336132663435396634393532303533
35626464343235663431376236323834633034663161393735633134353431333534623763623131
39303631363661313733666638316562383761613434363962623637636666633038333534316530
31633865373831336539663332326337626366393964376238663631616265626462323931323162
36313732323531656266
