$ANSIBLE_VAULT;1.1;AES256
31396335643138623637306532393637313839323466666237333630363532366234643937353364
6565613264323064366361383030383565643638373237360a343631663966356361663864386532
31663434616131626637656338303432306432353764346432616462353662643665396465663133
3364366461303739310a313937373436306464373532623933393433666530323565613832323761
31343230646438646566303536666230346564636661663433653433666464333031363037323534
38626533643334653432303064636434616431396234383333653865633738326138366466633635
66336433623662313332613837643334663136633739393165373935363338363237383536336437
34663965643861336234633035393963313732396235333361363230386665386262386233643633
33343165633235393132393030353835663534396134646535326438623564663636373662353236
37366535366664363937656633613636393166666233383733383330643466616539663736363432
30393566386363353765336438393231373135333030326263656162366530343236313038616231
31373033663632333130393137343064373436353337313031306163313263623633376366336137
37333764346664343961313139623037633933303664366539626266303861363133643364386136
37616438643439393135613932666338663839393332626562633233353439373236333237653535
65633933333631396534653330636439336538383938393963373662653332363232666666373062
39303238303464363633323030356139623635646263383061316363303636373433306332326236
35316361636334333665346639306333666462303937663233383963353235313166393038346664
3062316238656130363062333262613434336331653861353961
